1676886469 19
376825877 7
191346057 7
6510972 6
783214 5

1676886469 28
376825877 11
191346057 11
6510972 10
55618617 8

1676886469 23.065125189341597
376825877 8.774964387392123
191346057 8.774964387392123
6510972 7.745966692414833
55618617 5.656854249492381

7698 1583331 4411041 5429202 5943942 6279162 6510972 6844292 9213742 10224712 13710982 15940081 17056418 18941591 19029428 24870539 28045502 37163771 38631926 55618617 103151113 191346057 226238536 376825877 417308891 495309159 498230223 529817556 562566522 593900537 1357286708 1676886469
783214 38913594 52484614 106837463 168264219 458927048
15432186 18887324 57301529
16122072 18514015
14602130 161569820
268923861 1263626299
